 830902
 428853
-480205
-259141
-971507
-905599
-749887
-402595
-844963
 280615
-367772
-872088
  28673
-983790
-334345
-637623
 494354
-488541
-729357
-770243
 111610
 -89746
 382092
 734985
 792646
-295946
  21071
 425005
 654765
 306594
 753413
-579023
 720223
  47940
 720266
 709829
-221717
-581239
 513364
-383153
 718358
 780473
-431827
-577982
 949796
 954139
 460972
 936339
 142969
-889201
-478720
 520333
 458005
 208173
 508991
-494463
-328387
-146579
 755911
-729285
 169101
 -81057
 134316
 328094
 637846
-502070
 490537
 690922
 480078
 858684
 769445
 522162
-542985
 941450
 956148
 605153
 883016
-361199
 174035
-469406
-192459
 610365
 803767
 660210
  54384
 704949
-674365
 905972
-268244
 197895
-261843
-845217
-116567
  -1256
 868632
 772025
-679634
-255922
 666783
  33400
 353730
 262653
 660501
 563006
-855415
-715284
 153105
 896611
 691918
 464647
 454400
 142582
 100019
 795863
 463243
-621022
 697738
 319153
 257176
 -96199
-173647
 660398
 995100
-253583
 669392
-619103
-598139
 951707
-633096
-616735
-621017
  64467
 838310
 688174
-126303
 970156
 232112
-218080
-961198
 789045
-272629
-567877
 -71232
-125607
 531013
-621425
 502904
 131243
-653346
-371429
 544295
-149029
-665219
-779223
 253595
  47747
-359226
 268992
-260337
 886547
 936374
-143106
-595571
-791586
-898132
 927161
 307233
-612859
-829626
-306923
 994318
-207403
 962290
-701939
 992009
 -10587
 457058
-541751
-812481
-534237
 881087
-354401
-340782
-834490
 734785
-996309
 168571
 387966
 538306
-364300
-511129
-276935
 -55253
-836219
-978752
-394247
  51200
-468662
-263637
-198106
 232147
 -95536
-619433
-320951
 626403
 226070
-901827
 468958
 527876
 485989
-853053
 894592
-637881
-907367
 221729
 513162
 674740
-133498
  51555
 917474
 614408
-876834
 398506
-458462
 762316
  73042
-638090
 232364
 841617
-662379
 -20591
 978383
-165527
-233495
 516811
 225955
 341017
 936925
 551507
-931079
 633646
-272854
 -20347
-737781
-208273
 177456
-584809
 489032
-454082
 487171
  99179
 602017
  17966
-556606
-599205
-337366
-589037
 836986
 266751
 518631
-113295
 493510
-436226
-611740
-639080
 431664
-840816
-539215
-246217
 358959
 797471
 876410
 352270
 224209
-643779
-385289
 372550
 868633
 902555
-200775
-445246
 952140
 121702
 716827
-320911
-721358
 152184
-545942
-738577
 404002
 637484
 468587
 368095
 -17518
 891964
 642492
 483856
 692338
 479198
 405068
-326536
-221546
-786247
 366386
-103365
-740305
 622873
 568849
-732347
-329099
-757619
 -57514
-704889
-155770
 771521
 840762
-306119
 681814
-925644
-362809
-769449
 131459
-709282
-720950
 245228
-350621
 -92402
-576987
 986707
-681258
 542265
 318528
-295305
-509970
 401283
 -41691
-438120
-680959
 904982
 181275
-139709
 900557
 804852
 391842
 820546
-169474
-728309
-649552
 209203
 976845
-104755
  93730
 478590
  -1415
 311469
 458767
 765117
 725803
 261424
 -85647
-913774
-103194
-713789
 443229
 382755
 -52962
 -24748
-927226
-327335
-446507
-289413
 317625
 513680
 460850
-812212
 276241
-783424
-249726
-355563
 414421
 807441
-840903
 690051
 172329
-393571
-680634
 906680
-552447
-527882
 855498
 -22663
 735287
 254760
 166061
   -210
 247711
-191671
-588053
 856126
-311846
-969571
-257004
  33914
-478323
 830756
 117373
-867337
 562194
 672942
-797236
-560327
-512736
 391271
 795746
-577740
-504760
 352879
 -44569
-241265
-264570
-282308
-380248
 618396
 370475
 542512
-142468
-698797
 171136
 782273
 106738
  60662
 397240
-139334
 759089
 -41116
 384488
 413947
 273452
 940620
 735416
-944123
-364774
 963512
-696251
-431578
-573825
 -15347
-735047
-208072
  28948
-121026
-518225
 670172
 562778
 952835
-897904
 399811
-968372
-383393
 867425
 440383
 863294
  -7080
 963881
-739819
-472211
 762634
-586467
 124931
-754463
-611510
 -17535
 980370
 -69279
-993211
 372981
-463553
 462364
 740327
  70838
-969984
 135509
 -38790
 634449
-175472
-282890
-879920
-558505
 999372
 916031
 158641
 949397
 388158
 273789
 235287
-620373
-855640
 492487
-480968
-598151
